100 500 100
1 2 76 0
2 3 71 1 2
3 4 113 1 3
4 5 28 1 4
5 6 45 1 5
6 7 36 1 6
7 8 150 1 7
8 9 163 0
9 10 181 0
10 11 130 1 10
11 12 160 0
12 13 167 0
13 14 125 0
14 15 53 0
15 16 132 0
16 17 87 1 16
17 18 39 1 17
18 19 153 1 18
19 20 133 1 19
20 21 44 1 20
21 22 171 1 21
22 23 86 0
23 24 49 0
24 25 14 1 24
25 26 59 0
26 27 8 0
27 28 130 1 27
28 29 8 1 28
29 30 78 1 29
30 31 170 0
31 32 137 0
32 33 162 1 32
33 34 168 0
34 35 154 0
35 36 117 0
36 37 147 1 36
37 38 167 1 37
38 39 189 0
39 40 122 0
40 41 27 1 40
41 42 17 0
42 43 69 1 42
43 44 128 1 43
44 45 36 1 44
45 46 161 1 45
46 47 22 0
47 48 124 1 47
48 49 197 1 48
49 50 23 0
50 51 31 0
51 52 132 0
52 53 158 0
53 54 148 0
54 55 94 0
55 56 116 0
56 57 20 1 56
57 58 14 1 57
58 59 43 1 58
59 60 14 0
60 61 63 0
61 62 55 0
62 63 135 1 62
63 64 130 0
64 65 74 1 64
65 66 81 0
66 67 13 1 66
67 68 33 0
68 69 90 0
69 70 69 1 69
70 71 55 1 70
71 72 6 1 71
72 73 89 1 72
73 74 14 0
74 75 160 0
75 76 146 0
76 77 89 1 76
77 78 179 1 77
78 79 167 1 78
79 80 72 1 79
80 81 28 1 80
81 82 18 1 81
82 83 11 1 82
83 84 124 0
84 85 23 1 84
85 86 84 0
86 87 200 0
87 88 2 1 87
88 89 190 1 88
89 90 177 0
90 91 32 1 90
91 92 114 1 91
92 93 40 1 92
93 94 28 1 93
94 95 136 0
95 96 69 1 95
96 97 62 0
97 98 120 1 97
98 99 171 1 98
99 100 65 0
30 65 67 1 440
6 87 100 0
74 96 20 0
78 25 167 1 76
45 43 167 0
6 6 187 0
64 68 91 0
72 1 128 1 473
50 94 160 1 118
98 71 85 1 459
2 85 8 1 301
10 31 24 0
74 86 87 1 471
59 49 170 1 347
82 95 154 1 334
67 53 21 0
12 60 104 1 162
4 22 51 1 410
16 52 58 0
30 64 82 1 36
23 62 140 1 327
89 87 21 1 239
85 35 47 0
6 27 26 0
88 82 195 0
94 87 90 0
25 25 197 1 404
67 30 45 0
50 94 143 0
23 92 173 0
15 97 86 0
88 93 199 1 240
34 41 71 1 58
39 59 166 1 222
65 79 200 0
85 37 78 1 470
69 3 128 1 154
99 35 133 0
54 29 22 0
33 62 17 1 272
12 51 129 0
13 39 93 0
64 27 121 1 53
45 26 38 0
49 37 62 1 326
18 74 46 0
67 48 46 0
6 45 79 0
31 8 65 1 179
80 56 49 0
22 56 101 0
89 91 40 0
7 35 160 0
4 83 159 1 429
82 44 103 1 406
84 27 16 0
30 52 33 1 339
7 50 142 1 456
64 82 155 0
90 61 84 1 350
7 19 193 0
19 6 189 1 221
73 23 29 0
22 62 147 0
1 73 73 1 437
24 31 193 0
5 72 88 1 354
99 48 83 0
17 97 153 1 372
55 73 9 1 366
64 11 21 0
23 4 21 1 298
9 94 48 0
36 66 115 0
5 79 51 1 287
45 23 162 0
76 95 116 1 190
49 8 92 1 463
8 37 54 1 431
5 72 169 0
68 45 151 0
37 14 154 0
48 53 39 1 393
2 84 194 0
4 33 89 1 336
72 81 150 0
57 61 200 1 273
37 75 21 0
38 77 124 1 438
16 76 186 0
34 41 120 0
19 100 156 1 96
29 63 38 1 416
39 6 17 1 485
45 84 134 1 55
75 54 90 0
11 98 139 1 426
44 47 4 1 492
32 82 179 1 468
63 53 134 0
27 46 149 1 75
45 85 61 0
4 74 162 1 170
47 33 80 0
49 25 17 1 282
10 93 177 0
92 95 159 1 27
88 65 88 1 155
37 56 101 0
38 16 19 1 162
10 86 41 1 403
2 71 162 0
3 67 58 0
80 52 57 0
40 70 83 1 374
27 16 170 1 397
100 27 86 0
60 46 138 0
6 17 11 1 471
12 16 119 0
98 9 131 0
49 47 175 1 480
28 85 35 1 178
44 48 65 1 145
28 40 187 1 334
30 55 94 1 473
32 14 108 1 177
83 25 122 0
91 72 19 0
64 38 43 0
79 24 170 0
41 45 41 0
2 55 146 1 478
31 65 31 1 397
37 76 169 0
80 96 92 1 333
50 19 142 1 351
62 39 154 1 319
92 45 9 0
50 56 5 1 289
20 32 82 0
77 3 5 1 168
34 51 43 0
71 37 117 0
16 20 72 0
43 91 73 0
60 60 30 1 367
83 40 198 0
20 40 50 0
86 48 103 0
21 39 66 1 227
24 93 39 0
59 97 107 0
56 17 63 0
60 80 172 0
87 68 116 1 288
51 71 122 0
36 33 108 1 395
4 15 77 1 213
44 41 67 0
13 66 65 0
30 4 118 1 231
44 28 109 0
50 86 92 0
17 43 197 0
95 76 77 0
40 56 29 1 262
99 91 58 0
23 86 27 1 300
39 66 5 0
46 20 34 1 241
95 74 152 1 490
20 37 41 0
89 76 98 0
34 13 85 0
6 72 137 0
72 23 190 0
63 93 113 1 402
90 64 108 0
76 21 84 1 289
37 79 146 0
57 44 86 1 249
17 76 96 1 288
82 77 90 0
94 12 102 1 89
43 43 71 0
36 67 82 1 112
98 2 132 0
92 82 157 0
81 20 22 0
9 11 115 1 373
59 85 70 0
31 6 198 0
47 7 45 1 267
82 5 167 0
33 99 175 1 435
44 83 147 1 280
7 87 180 0
44 44 198 1 102
41 90 144 0
84 95 150 0
59 15 183 0
16 36 195 0
7 37 179 1 159
44 24 1 0
21 93 66 0
92 6 100 1 495
52 59 17 1 101
76 46 191 1 258
46 91 19 0
77 98 102 0
27 80 104 0
83 91 145 0
60 40 8 0
19 25 164 0
6 43 23 1 490
57 60 71 1 203
22 93 162 1 20
52 34 146 1 337
94 83 192 1 418
63 24 89 0
91 1 87 0
94 72 70 0
83 97 187 0
70 88 148 1 105
67 50 44 1 352
39 56 92 1 480
25 14 151 0
83 51 59 0
35 6 14 0
51 36 153 0
71 58 6 0
24 22 179 1 34
34 11 121 0
58 92 126 1 276
7 72 144 1 275
18 73 21 0
46 66 127 0
47 77 104 1 332
33 72 157 1 469
47 36 121 1 112
45 10 18 1 475
9 33 52 1 210
61 66 186 0
34 27 74 1 97
76 90 133 1 480
5 63 19 0
87 60 188 0
8 40 69 1 430
83 11 25 1 320
96 63 50 0
53 19 25 1 166
46 58 11 0
63 36 191 0
70 58 200 1 477
51 2 8 1 218
25 49 187 0
47 56 82 0
18 51 133 0
39 46 193 1 235
31 31 155 0
73 100 90 0
21 38 45 0
26 20 40 1 217
23 41 71 1 70
87 63 149 0
12 22 171 0
82 40 169 1 442
97 33 196 1 36
74 72 11 1 458
65 58 138 1 377
22 18 152 1 457
15 65 134 0
36 89 20 1 131
89 1 65 0
4 14 155 1 500
53 57 189 1 353
80 86 166 1 229
89 30 9 0
9 41 52 0
17 36 189 0
100 90 60 1 402
41 93 104 0
29 70 69 0
35 13 115 0
27 17 188 1 262
61 53 102 0
62 100 48 1 255
7 70 161 1 370
96 4 190 0
79 86 33 0
7 20 78 0
85 94 61 0
18 67 88 0
78 86 40 0
21 62 170 0
35 11 48 0
21 58 140 0
70 21 188 1 250
72 100 93 0
67 56 131 1 356
39 54 185 0
69 22 121 1 89
26 82 200 0
56 11 98 0
64 73 2 1 181
62 92 7 1 145
75 52 157 0
38 62 145 0
24 24 97 0
34 15 20 0
9 64 184 0
49 53 185 1 347
99 90 34 1 493
38 32 129 1 400
54 80 108 1 194
46 23 33 0
48 32 172 0
47 17 35 0
88 95 162 1 310
35 85 60 0
28 76 90 1 13
6 32 169 0
68 82 195 1 427
50 17 140 1 433
98 50 155 0
30 5 20 1 215
42 74 158 1 209
63 82 167 0
15 23 74 1 475
56 9 105 0
18 98 54 1 28
97 94 46 0
59 46 29 0
59 90 116 0
24 22 147 1 79
20 30 141 1 78
23 77 43 1 173
90 87 122 0
73 34 92 1 231
89 34 191 1 402
94 36 176 1 193
2 40 198 0
38 35 14 0
16 42 145 0
22 36 54 1 50
99 17 199 0
54 48 148 1 74
99 16 180 1 221
24 82 99 0
20 47 130 1 113
7 86 150 0
82 93 78 0
73 59 13 0
43 5 120 0
96 18 168 1 323
75 11 199 0
57 59 118 1 26
4 63 18 0
32 39 93 1 357
26 67 4 1 145
32 86 51 0
83 85 60 1 241
39 97 182 0
70 98 169 1 31
94 6 82 0
80 71 195 1 217
93 95 12 1 129
54 89 17 0
31 39 76 1 434
91 88 134 1 489
20 81 164 1 270
55 88 65 1 246
92 40 126 0
26 19 96 1 497
40 70 179 1 69
5 63 140 0
54 21 54 1 356
80 86 165 0
62 11 30 0
57 13 96 1 193
76 54 17 0
14 22 150 0
12 65 108 0
96 46 35 0
93 8 161 1 389
20 42 159 1 4
5 42 61 0
29 18 90 0
49 74 140 0
65 77 53 0
98 82 23 1 185
97 4 20 1 171
46 40 130 0
52 42 136 0
32 67 191 0
93 14 76 0
84 73 148 1 208
44 11 158 0
42 54 185 0
50 38 145 0
50 66
21 85
91 85
1 16
94 69
9 18
99 53
62 33
30 85
13 39
1 74
84 80
55 10
37 28
61 21
41 79
79 6
42 64
70 37
77 11
50 70
95 72
78 28
24 52
82 89
85 42
37 28
69 54
59 89
86 29
39 10
32 31
4 99
99 5
94 13
30 12
47 40
99 21
15 75
62 24
59 7
45 14
24 36
46 40
13 36
11 62
8 68
14 26
94 1
81 35
32 34
45 55
66 4
64 12
51 27
80 81
60 68
48 45
15 99
82 61
15 48
54 38
78 12
17 16
57 45
88 30
77 72
89 33
44 52
99 82
15 16
72 20
54 18
23 59
97 72
20 18
53 40
90 33
46 85
69 9
32 78
16 69
46 82
32 31
29 70
96 45
16 67
28 83
61 55
22 47
5 95
19 71
53 94
70 57
12 34
61 51
71 48
27 25
75 37
56 11
